0 0.589080 0.297414 0.132184 0.140805
0 0.261494 0.218391 0.132184 0.137931
0 0.176724 0.133621 0.135057 0.152299
0 0.123563 0.735632 0.195402 0.183908
0 0.254310 0.899425 0.204023 0.201149
0 0.446839 0.804598 0.175287 0.195402
0 0.649425 0.767241 0.172414 0.166667
0 0.849138 0.706897 0.158046 0.149425
0 0.946839 0.790230 0.106322 0.172414
0 0.784483 0.850575 0.155172 0.172414
0 0.568966 0.913793 0.183908 0.160920
0 0.066092 0.915230 0.126437 0.158046
0 0.323276 0.413793 0.135057 0.137931
0 0.478448 0.235632 0.123563 0.155172
0 0.698276 0.587644 0.155172 0.152299
0 0.511494 0.535920 0.143678 0.146552
0 0.283046 0.554598 0.152299 0.166667
0 0.331897 0.709770 0.158046 0.172414
0 0.709770 0.283046 0.120690 0.117816
0 0.576149 0.436782 0.135057 0.137931
0 0.693966 0.106322 0.123563 0.120690
0 0.793103 0.211207 0.137931 0.123563
0 0.913793 0.583333 0.166667 0.143678
0 0.333333 0.127874 0.143678 0.123563
0 0.409483 0.063218 0.129310 0.114943
0 0.591954 0.058908 0.114943 0.112069
0 0.903736 0.250000 0.123563 0.120690
0 0.551724 0.662356 0.149425 0.129310
0 0.823276 0.426724 0.135057 0.123563
0 0.695402 0.406609 0.120690 0.129310
