0 0.080460 0.472701 0.149425 0.135057
0 0.099138 0.602011 0.140805 0.129310
0 0.136494 0.719828 0.146552 0.135057
0 0.291667 0.636494 0.169540 0.163793
0 0.491379 0.352011 0.166667 0.158046
0 0.841954 0.397989 0.172414 0.175287
0 0.301724 0.204023 0.126437 0.120690
0 0.603448 0.193966 0.149425 0.140805
0 0.326149 0.094828 0.123563 0.132184
0 0.172414 0.261494 0.126437 0.120690
0 0.471264 0.199713 0.132184 0.123563
0 0.458333 0.071839 0.123563 0.132184
0 0.850575 0.067529 0.155172 0.129310
0 0.650862 0.660920 0.163793 0.166667
0 0.859195 0.660920 0.201149 0.172414
0 0.734195 0.795977 0.169540 0.183908
0 0.543103 0.765805 0.166667 0.181034
0 0.393678 0.760057 0.155172 0.158046
0 0.222701 0.461207 0.146552 0.158046
0 0.367816 0.413793 0.149425 0.143678
0 0.484195 0.510057 0.158046 0.140805
0 0.623563 0.443966 0.143678 0.140805
0 0.758621 0.541667 0.160920 0.158046
0 0.926724 0.813218 0.146552 0.155172
0 0.836207 0.228448 0.149425 0.135057
0 0.204023 0.145115 0.132184 0.106322
0 0.212644 0.045977 0.126437 0.086207
0 0.655172 0.063218 0.132184 0.120690
0 0.721264 0.281609 0.109195 0.126437
0 0.945402 0.162356 0.109195 0.140805
0 0.284483 0.321839 0.149425 0.114943
