0 0.331897 0.824713 0.215517 0.218391
0 0.106322 0.833333 0.206897 0.195402
0 0.512931 0.739943 0.198276 0.192529
0 0.337644 0.485632 0.163793 0.160920
0 0.630747 0.264368 0.140805 0.132184
0 0.317529 0.155172 0.146552 0.149425
0 0.359195 0.347701 0.149425 0.137931
0 0.550287 0.491379 0.152299 0.143678
0 0.729885 0.548851 0.155172 0.155172
0 0.699713 0.719828 0.169540 0.152299
0 0.619253 0.864943 0.192529 0.183908
0 0.872126 0.675287 0.163793 0.149425
0 0.797414 0.814655 0.158046 0.181034
0 0.949713 0.772989 0.100575 0.172414
0 0.198276 0.656609 0.189655 0.181034
0 0.533046 0.191092 0.146552 0.140805
0 0.922414 0.239943 0.120690 0.112069
0 0.745690 0.260057 0.106322 0.106322
0 0.071839 0.173851 0.137931 0.123563
0 0.074713 0.511494 0.143678 0.149425
0 0.925287 0.566092 0.149425 0.137931
