0 0.462644 0.515805 0.132184 0.123563
0 0.356322 0.672414 0.149425 0.160920
0 0.804598 0.844828 0.183908 0.189655
0 0.331897 0.833333 0.158046 0.166667
0 0.132184 0.941092 0.172414 0.117816
0 0.080460 0.771552 0.155172 0.152299
0 0.175287 0.527299 0.126437 0.123563
0 0.104885 0.366379 0.117816 0.112069
0 0.211207 0.415230 0.123563 0.106322
0 0.057471 0.567529 0.109195 0.112069
0 0.507184 0.399425 0.123563 0.120690
0 0.798851 0.505747 0.143678 0.149425
0 0.688218 0.709770 0.158046 0.160920
0 0.482759 0.761494 0.155172 0.172414
0 0.333333 0.406609 0.120690 0.117816
0 0.125000 0.264368 0.106322 0.097701
0 0.222701 0.155172 0.089080 0.091954
0 0.577586 0.179598 0.091954 0.106322
0 0.806034 0.245690 0.129310 0.123563
0 0.669540 0.189655 0.097701 0.091954
0 0.543103 0.298851 0.114943 0.097701
0 0.448276 0.252874 0.109195 0.097701
0 0.387931 0.137931 0.091954 0.103448
0 0.683908 0.409483 0.120690 0.123563
0 0.341954 0.514368 0.114943 0.114943
0 0.681034 0.558908 0.132184 0.135057
0 0.229885 0.728448 0.149425 0.152299
0 0.614943 0.862069 0.155172 0.166667
0 0.211207 0.267241 0.117816 0.091954
