0 0.166667 0.764368 0.218391 0.224138
0 0.183908 0.402299 0.166667 0.166667
0 0.228448 0.245690 0.158046 0.152299
0 0.517241 0.129310 0.143678 0.149425
0 0.501437 0.280172 0.146552 0.158046
0 0.354885 0.665230 0.215517 0.209770
0 0.573276 0.629310 0.181034 0.183908
0 0.771552 0.570402 0.163793 0.158046
0 0.910920 0.662356 0.178161 0.181034
0 0.859195 0.086207 0.137931 0.137931
0 0.089080 0.910920 0.172414 0.172414
0 0.482759 0.788793 0.201149 0.204023
0 0.068966 0.594828 0.132184 0.178161
0 0.169540 0.054598 0.143678 0.103448
0 0.385057 0.066092 0.149425 0.126437
0 0.645115 0.126437 0.129310 0.143678
0 0.626437 0.446839 0.155172 0.158046
0 0.856322 0.439655 0.172414 0.155172
0 0.862069 0.227011 0.132184 0.132184
0 0.958333 0.255747 0.083333 0.143678
