0 0.283046 0.557471 0.158046 0.137931
0 0.652299 0.586207 0.149425 0.149425
0 0.258621 0.346264 0.126437 0.129310
0 0.320402 0.443966 0.129310 0.094828
0 0.563218 0.379310 0.120690 0.109195
0 0.583333 0.186782 0.126437 0.114943
0 0.277299 0.050287 0.100575 0.094828
0 0.073276 0.097701 0.140805 0.126437
0 0.390805 0.051724 0.137931 0.097701
0 0.170977 0.053161 0.117816 0.100575
0 0.341954 0.267241 0.109195 0.103448
0 0.122126 0.364943 0.146552 0.126437
0 0.136494 0.586207 0.135057 0.120690
0 0.418103 0.535920 0.117816 0.117816
0 0.235632 0.698276 0.149425 0.132184
0 0.079023 0.728448 0.152299 0.146552
0 0.439655 0.415230 0.114943 0.117816
0 0.081897 0.472701 0.158046 0.112069
0 0.537356 0.613506 0.137931 0.146552
