0 0.267241 0.346264 0.132184 0.123563
0 0.278736 0.623563 0.178161 0.160920
0 0.260057 0.780172 0.158046 0.140805
0 0.724138 0.791667 0.189655 0.163793
0 0.912356 0.807471 0.175287 0.172414
0 0.627874 0.920977 0.186782 0.158046
0 0.419540 0.923851 0.166667 0.152299
0 0.091954 0.468391 0.149425 0.120690
0 0.132184 0.360632 0.132184 0.117816
0 0.267241 0.461207 0.120690 0.117816
0 0.397989 0.459770 0.146552 0.109195
0 0.619253 0.363506 0.129310 0.135057
0 0.729885 0.458333 0.149425 0.140805
0 0.408046 0.719828 0.149425 0.163793
0 0.071839 0.918103 0.137931 0.158046
0 0.798851 0.662356 0.166667 0.140805
0 0.750000 0.205460 0.132184 0.135057
0 0.479885 0.244253 0.126437 0.097701
0 0.446839 0.350575 0.140805 0.120690
0 0.617816 0.136494 0.109195 0.112069
0 0.525862 0.107759 0.109195 0.106322
0 0.212644 0.137931 0.097701 0.103448
0 0.613506 0.670977 0.140805 0.163793
0 0.622126 0.507184 0.135057 0.129310
