0 0.508621 0.471264 0.137931 0.132184
0 0.324713 0.613506 0.143678 0.146552
0 0.077586 0.620690 0.149425 0.201149
0 0.872126 0.518678 0.146552 0.140805
0 0.739943 0.540230 0.129310 0.137931
0 0.465517 0.602011 0.132184 0.129310
0 0.376437 0.488506 0.126437 0.126437
0 0.232759 0.497126 0.137931 0.143678
0 0.093391 0.415230 0.181034 0.169540
0 0.354885 0.267241 0.135057 0.143678
0 0.320402 0.383621 0.158046 0.112069
0 0.775862 0.130747 0.137931 0.117816
0 0.771552 0.314655 0.129310 0.106322
0 0.643678 0.343391 0.120690 0.117816
0 0.527299 0.360632 0.117816 0.112069
0 0.485632 0.255747 0.126437 0.126437
0 0.185345 0.189655 0.117816 0.120690
0 0.632184 0.465517 0.126437 0.126437
0 0.755747 0.422414 0.126437 0.120690
