0 0.181034 0.501437 0.178161 0.175287
0 0.367816 0.396552 0.160920 0.143678
0 0.258621 0.844828 0.149425 0.155172
0 0.327586 0.689655 0.160920 0.137931
0 0.492816 0.681034 0.146552 0.149425
0 0.567529 0.814655 0.169540 0.152299
0 0.408046 0.829023 0.149425 0.135057
0 0.492816 0.504310 0.129310 0.140805
0 0.727011 0.308908 0.160920 0.175287
0 0.415230 0.206897 0.123563 0.149425
0 0.191092 0.116379 0.146552 0.152299
0 0.214080 0.250000 0.140805 0.120690
0 0.872126 0.755747 0.169540 0.149425
0 0.849138 0.133621 0.158046 0.163793
0 0.665230 0.132184 0.158046 0.160920
0 0.504310 0.089080 0.152299 0.149425
0 0.511494 0.347701 0.143678 0.160920
0 0.860632 0.429598 0.152299 0.140805
0 0.627874 0.551724 0.146552 0.126437
0 0.660920 0.698276 0.155172 0.155172
0 0.333333 0.545977 0.155172 0.143678
