0 0.722701 0.751078 0.215517 0.148707
0 0.250000 0.751078 0.229885 0.165948
0 0.120690 0.503233 0.178161 0.135776
0 0.150862 0.348060 0.186782 0.131466
0 0.313218 0.419181 0.172414 0.109914
0 0.685345 0.578664 0.169540 0.109914
0 0.508621 0.563578 0.160920 0.127155
0 0.283046 0.544181 0.175287 0.131466
0 0.067529 0.610991 0.129310 0.118534
0 0.458333 0.397629 0.152299 0.105603
0 0.607759 0.476293 0.163793 0.086207
0 0.420977 0.502155 0.123563 0.103448
0 0.442529 0.678879 0.160920 0.133621
0 0.528736 0.768319 0.178161 0.114224
0 0.541667 0.317888 0.100575 0.066810
0 0.423851 0.229526 0.094828 0.079741
