3 0.893678 0.603448 0.195402 0.229885
3 0.645115 0.477011 0.158046 0.137931
3 0.787356 0.399425 0.183908 0.206897
3 0.658046 0.143678 0.155172 0.155172
3 0.808908 0.099138 0.181034 0.192529
3 0.518678 0.242816 0.163793 0.152299
3 0.392241 0.465517 0.135057 0.155172
3 0.181034 0.515805 0.137931 0.129310
3 0.291667 0.304598 0.112069 0.149425
3 0.580460 0.768678 0.189655 0.204023
3 0.750000 0.662356 0.178161 0.267241
3 0.271552 0.770115 0.123563 0.143678
3 0.219828 0.923851 0.158046 0.152299
3 0.369253 0.718391 0.123563 0.160920
3 0.229885 0.643678 0.132184 0.155172
3 0.160920 0.790230 0.120690 0.143678
3 0.783046 0.882184 0.272989 0.224138
3 0.472701 0.372126 0.152299 0.152299
3 0.512931 0.518678 0.129310 0.140805
3 0.339080 0.568966 0.143678 0.143678
3 0.607759 0.614943 0.152299 0.149425
3 0.438218 0.818966 0.163793 0.172414
3 0.218391 0.150862 0.137931 0.106322
3 0.186782 0.298851 0.132184 0.206897
3 0.206897 0.054598 0.155172 0.103448
3 0.613506 0.323276 0.146552 0.129310
3 0.386494 0.232759 0.123563 0.137931
