3 0.627874 0.397989 0.077586 0.066092
3 0.425287 0.640805 0.103448 0.080460
3 0.587644 0.653736 0.077586 0.071839
3 0.665230 0.672414 0.077586 0.063218
3 0.765805 0.456897 0.077586 0.051724
3 0.681034 0.459770 0.086207 0.057471
3 0.382184 0.568966 0.074713 0.091954
3 0.479885 0.584770 0.080460 0.054598
3 0.510057 0.535920 0.066092 0.060345
3 0.579023 0.511494 0.112069 0.045977
3 0.166667 0.665230 0.126437 0.066092
3 0.287356 0.606322 0.114943 0.086207
3 0.179598 0.604885 0.100575 0.060345
3 0.058908 0.581897 0.077586 0.066092
3 0.159483 0.387931 0.077586 0.074713
3 0.326149 0.458333 0.060345 0.077586
3 0.893678 0.462644 0.074713 0.080460
3 0.797414 0.400862 0.066092 0.094828
3 0.508621 0.283046 0.080460 0.048851
3 0.330460 0.324713 0.074713 0.103448
3 0.191092 0.547414 0.077586 0.060345
3 0.234195 0.502874 0.054598 0.074713
3 0.397989 0.446839 0.077586 0.066092
3 0.570402 0.461207 0.089080 0.048851
